1	20223991
1	20217298
1	20224791
1	20211382
1	20190298
1	20227886
1	20225180
1	20217334
1	20212724
1	20211157
1	20224270
1	20190299
1	20204431
1	20227523
1	20211200
1	20201965
1	20228415
1	20228414
1	20216568
1	20212015
1	20211414
1	20210547
1	20210580
1	20223746
1	20218764
1	20196270
1	20226380
1	20211313
1	20217651
1	20192662
1	20217692
1	20217102
1	20199630
1	20203446
1	20210244
1	20219822
1	20218904
1	20217728
1	20200302
1	20209948
1	20200295
1	20219246
1	20210485
1	20217478
1	20217478
1	20211558
1	20225433
1	20216120
1	20210511
1	20216492
1	20219524
1	20218392
1	20218391
1	20210028
1	20202792
1	20217220
1	20210303
1	20210683
1	20206547
1	20223583
1	20200703
1	20217121
1	20197107
1	20212672
1	20210663
1	20218798
1	20205144
1	20217174
1	20192194
1	20191243
1	20210541
1	20214848
1	20218348
1	20205041
1	20215810
1	20200474
1	20209106
1	20218767
1	20223795
1	20218052
1	20223786
1	20211735
1	20225194
1	20210883
1	20191962
1	20218580
1	20223612
1	20217500
1	20224184
1	20219946
1	20217950
1	20219096
1	20219245
1	20200524
1	20202120
1	20210882
1	20212787
1	20196264
1	20216303
1	20204117
1	20211392
1	20219466
1	20223742
1	20224335
1	20209627
1	20205871
1	20211549
1	20211102
1	20210129
1	20218018
1	20211238
1	20209685
1	20202180
1	20217508
1	20190601
1	20197121
1	20205284
1	2022A421
1	20219626
1	20204432
1	20205980
1	20209962
1	20200200
1	20209537
1	20201841
1	20223454
1	20209803
1	20227092
1	20182591
1	20178401
1	20209013
1	20194424
1	2022A840
1	20202703
1	20218302
1	20209869
1	20210666
1	20202368
1	20192697
1	20202961
1	20223097
1	20184722
1	20223097
1	2022A441
1	20215301
1	2022A762
1	20201788
1	20208523
1	20215002
1	20210404
1	20202537
1	20209351
1	20208261
1	20200483
1	20193450
1	20200883
2	20224098
2	20224476
2	20212446
2	20211872
2	20226185
2	20217123
2	20224607
2	20204664
2	20218228
2	20224574
2	20224035
2	20226256
2	20225180
2	20225491
2	20225750
2	20211622
2	20212705
2	20191590
2	20218671
2	20224612
2	20197961
2	20225190
2	20224694
2	20225181
2	20212392
2	20211931
2	20225002
2	20225205
2	20224118
2	20225609
2	20224239
2	20225539
2	20223326
2	20224677
2	20217769
2	20226956
2	20224304
2	20210031
2	20223271
2	20224468
2	20224757
2	20225529
2	20211768
2	20217328
2	20201747
2	20219130
2	20218863
2	20216568
2	20224585
2	20225685
2	20194461
2	20194501
2	20226178
2	20226712
2	20226178
2	20211480
2	20214963
2	20217497
2	20209947
2	20209564
2	20211529
2	20218885
2	20225115
2	20225779
2	20211211
2	20211796
2	20219583
2	20218207
2	20202786
2	20181613
2	20217218
2	20223303
2	20216843
2	20209144
2	20217675
2	20191282
2	20211484
2	20210752
2	20213022
2	20211105
2	20219435
2	20200472
2	20211104
2	20212175
2	20224210
2	20218814
2	20218458
2	20211391
2	20218276
2	20223733
2	20216022
2	20217677
2	20211089
2	20223415
2	20219472
2	20210576
2	20217578
2	20205736
2	20227475
2	20223447
2	20142405
2	20202462
2	20210086
2	20225316
2	20225275
2	20219399
2	20211265
2	20217788
2	20216372
2	20219074
2	20190815
2	20209468
2	20224764
2	20219207
2	20223404
2	20211724
2	20223098
2	20216593
2	20210593
2	20218949
2	20226692
2	20200302
2	20210951
2	20224872
2	20212823
2	20198663
2	20219246
2	20211282
2	20209295
2	20223593
2	20210142
2	20208005
2	20210039
2	20225897
2	20223785
2	20210289
2	20215683
2	20210948
2	20223982
2	20216120
2	20223804
2	20223737
2	20225961
2	20226625
2	20217479
2	20215041
2	20210138
2	20210383
2	20224609
2	20212261
2	20190969
2	20202792
2	20212076
2	20217155
2	20216894
2	20202584
2	20214867
2	20210869
2	20211521
2	20214783
2	20217507
2	20200703
2	20211901
2	20192696
2	20210243
2	20224678
2	20204269
2	20212104
2	20224197
2	20224675
2	20218462
2	20219333
2	20216768
2	20190323
2	20226894
2	20218006
2	20217739
2	20223999
2	20212856
2	20205144
2	20211987
2	20227474
2	20218986
2	20201464
2	20208616
2	20218647
2	20219529
2	20217174
2	20217946
2	20226121
2	20219630
2	20211325
2	20226710
2	20210676
2	20226646
2	20224864
2	20223361
2	20223407
2	20218432
2	20217344
2	20216069
2	20210541
2	20224098
2	20211405
2	20218194
2	20217005
2	20223793
2	20226711
2	20203908
2	20209949
2	20218478
2	20217167
2	20210956
2	20214763
2	20223409
2	20224096
2	20211476
2	20212983
2	20216646
2	20223742
2	20210793
2	20211760
2	20218607
2	20211158
2	20212145
2	20218960
2	20216756
2	20219739
2	20223350
2	20223942
2	20217103
2	20219076
2	20218326
2	20214725
2	20208400
2	20218115
2	20183772
2	20216432
2	20218789
2	20202185
2	20219351
2	20223349
2	20224578
2	20210610
2	20218347
2	20226980
2	20224676
2	20212143
2	20218858
2	20210875
2	20211878
2	20219349
2	20223913
2	20225422
2	20214762
2	20224911
2	20211223
2	20211026
2	20211267
2	20224374
2	20223952
2	20218454
2	20223726
2	20211159
2	20212910
2	20210288
2	20212117
2	20217624
2	20200451
2	20219231
2	20225405
2	20225312
2	20225436
2	20211428
2	20210689
2	20211502
2	20223108
2	20224547
2	20204144
2	20216673
2	20219845
2	20212726
2	20211742
2	20200492
2	20217199
2	20227736
2	20218660
2	20209206
2	20186649
2	20217805
2	20209926
2	20219466
2	20196862
2	20205986
2	20218780
2	20190683
2	20218415
2	20210135
2	20210587
2	20209627
2	20205871
2	20210614
2	20218834
2	20218420
2	20217330
2	20211405
2	20218579
2	20209182
2	20218463
2	20218258
2	20210490
2	20216638
2	20223386
2	20216477
2	20210930
2	20224337
2	20216921
2	20217151
2	20218014
2	20223972
2	20210962
2	20201799
2	20219400
2	20219111
2	20202129
2	20225972
2	20212909
2	20218707
2	2022A901
2	20228039
2	20210161
2	20219057
2	20217491
2	20209548
2	20218209
2	20219589
2	20200475
2	20218246
2	20225288
2	20204148
2	20200473
2	20212304
2	20218057
2	20203675
2	20223833
2	20205321
2	20202042
2	20200471
2	20201226
2	20203165
2	20217508
2	20190601
2	20216701
2	20216848
2	20205284
2	20216301
2	20218048
2	20209787
2	2022A578
2	20208083
2	20223581
2	20205258
2	20197853
2	20217154
2	20201402
2	20204113
2	20217504
2	20204008
2	20211309
2	20204681
2	20200303
2	20206683
2	20207447
2	20207256
2	20200200
2	20218799
2	20216204
2	20206994
2	20205201
2	20212835
2	20205305
2	20212215
2	20201284
2	20207923
2	20214721
2	20202002
2	20208508
2	20227315
2	20200731
2	20223408
2	20218045
2	20223830
2	20224434
2	20217900
2	20209131
2	20204628
2	20209704
2	20218104
2	20200372
2	20202607
2	20218756
2	20210304
2	20209013
2	20203124
2	20223163
2	20201628
2	20193666
2	20223366
2	20201988
2	20208811
2	20209532
2	20206540
2	20219113
2	20224222
2	20219075
2	20201742
2	20194424
2	20211289
2	20219394
2	20203671
2	20202812
2	20200417
2	20206843
2	20223870
2	20203348
2	20217511
2	20217587
2	20217244
2	20217201
2	20201785
2	20204685
2	20208507
2	20212616
2	20217880
2	20201401
2	20207094
2	20206710
2	20214968
2	20202368
2	20208374
2	20200361
2	20202222
2	20203461
2	20202341
2	20218479
2	20207349
2	20219883
2	20202613
2	20214723
2	20200841
2	20218651
2	20224776
2	20183385
2	20207495
2	20202460
2	20212217
2	20201146
2	20218453
2	20216337
2	20209287
2	20207389
2	20215081
2	20207384
2	20203562
2	20215301
2	20203861
2	20209705
2	20201044
2	20200461
2	20223307
2	20208076
2	20200127
2	20219208
2	20201788
2	20217487
2	20225670
2	20218481
2	20201142
2	20209029
2	20200141
2	20203504
2	20215002
2	20192193
2	20200645
2	20216364
2	20215221
2	2022A425
2	20203881
2	20215801
2	20205663
2	20226860
2	20202229
2	20211404
2	20201565
2	20218346
2	20210238
2	20209946
2	20200246
2	20200932
2	20207493
2	20203744
2	20212077
2	20201221
2	20217398
2	20212167
2	20208301
2	20201385
2	20215128
2	20209766
2	20203522
2	20209021
2	20203688
2	20199816
2	20219334
2	20219304
2	20203081
2	20216361
2	20200749
2	20206884
2	20200749
2	20203081
2	20216361
2	20207445
2	20217406
2	20218206
2	20210034
2	20212606
2	20210892
2	20202968
2	20219056
2	20216336
2	20205909
2	20200129
2	20200526
2	20201687
2	20216375
2	20215923
2	20218233
2	20216321
2	20217152
2	20208404
2	20209931
2	20228249
2	20200294
2	20207893
2	20202790
2	20211213
2	20215933
2	20217413
2	20219465
2	20223521
2	20209403
2	20211485
2	20212834
2	20210512
2	20216937
2	20210171
2	20217372
2	20207124
2	20206441
2	20211621
2	20219427
2	20208821
2	20181983
2	2022A560
2	20202518
2	20207371
2	20216004
2	20223140
2	20212498
2	20214734
2	20201406
2	20211123
2	20204038
2	20200249
3	20211088
3	20224098
3	20212391
3	20224476
3	20212446
3	20226403
3	20211872
3	20226185
3	20217298
3	20225017
3	20224091
3	20212027
3	20226125
3	20224225
3	20223991
3	20224333
3	20223953
3	20201845
3	20226201
3	20225079
3	20223124
3	20217123
3	20224607
3	20211382
3	20223329
3	20208721
3	20226454
3	20227304
3	20210489
3	20206257
3	20223278
3	20226864
3	20224923
3	20224526
3	20223729
3	20194376
3	20224713
3	20225206
3	20224574
3	20225075
3	20225795
3	20226256
3	20223986
3	20225180
3	20209273
3	20224035
3	20224662
3	20228161
3	20225448
3	20219826
3	20201792
3	20207498
3	20225638
3	20224069
3	20223809
3	20212724
3	20211157
3	20227887
3	20224080
3	20226007
3	20226583
3	20204548
3	20225491
3	20226877
3	20217982
3	20226679
3	20209297
3	20226365
3	20212836
3	20225750
3	20224270
3	20223939
3	20228069
3	20226823
3	20225884
3	20211622
3	20212705
3	20190299
3	20226372
3	20196906
3	20228105
3	20226670
3	20191590
3	20216224
3	20227090
3	20218671
3	20224612
3	20204431
3	20211472
3	20224971
3	20219345
3	20224572
3	20215048
3	20227358
3	20224665
3	20227806
3	20199882
3	20225186
3	20224782
3	20211200
3	20226726
3	20219745
3	20207567
3	20223416
3	20224694
3	20212392
3	20227451
3	20226197
3	20218685
3	20211931
3	20188441
3	20224826
3	20210893
3	20226758
3	20224533
3	20212783
3	20211054
3	20224965
3	20223839
3	20224498
3	20225002
3	20224720
3	20225205
3	20224674
3	20227560
3	20198317
3	20209185
3	20210981
3	20224995
3	20223455
3	20224118
3	20212709
3	20212709
3	20224239
3	20211153
3	20209324
3	20208101
3	20212710
3	20223326
3	20224677
3	20217769
3	20219711
3	20226739
3	20224516
3	20224223
3	20216753
3	20227637
3	20192354
3	20227338
3	20227338
3	20212725
3	20226034
3	20226288
3	20225891
3	20219866
3	20209269
3	20227674
3	20224304
3	20199500
3	20223676
3	20212973
3	20225255
3	20224732
3	20210031
3	20210129
3	20218018
3	20225479
3	20211244
3	20219273
3	20228062
3	20227110
3	20225175
3	20210242
3	20226801
3	20211085
3	20223950
3	20223271
3	20227171
3	20226799
3	20226130
3	20223456
3	20224652
3	20225529
3	20223089
3	20211768
3	20211362
3	20223288
3	20224693
3	20223137
3	20217328
3	20201747
3	20224144
3	20215861
3	20219130
3	20218874
3	20209299
3	20217104
3	20225248
3	20209134
3	20191503
3	20216568
3	20224234
3	20224585
3	20194461
3	20217384
3	20219036
3	20226178
3	20211318
3	20211480
3	20214963
3	20218364
3	20209947
3	20209564
3	20216329
3	20200364
3	20211529
3	20218885
3	20223198
3	20225115
3	20211734
3	20218790
3	20198501
3	20211414
3	20223746
3	20225779
3	20213036
3	20218764
3	20211211
3	20224949
3	20218207
3	20200155
3	20215891
3	20209143
3	20190324
3	20200521
3	20202786
3	20181613
3	20223303
3	20216124
3	20216843
3	20224742
3	20225548
3	20219820
3	20223946
3	20223270
3	20211484
3	20196270
3	20226339
3	20200472
3	20199541
3	20226770
3	20211104
3	20212175
3	20196201
3	20227707
3	20224266
3	20224210
3	20218814
3	20224021
3	20208889
3	20212241
3	20212786
3	20210824
3	20218458
3	20211391
3	20218276
3	20223733
3	20216022
3	20219769
3	20211975
3	20216523
3	20223415
3	20224694
3	20224066
3	20219472
3	20210576
3	20217578
3	20218198
3	20205736
3	20201786
3	20224117
3	20201876
3	20226954
3	20218168
3	20227475
3	20223447
3	20142405
3	20224357
3	20202462
3	20210086
3	20210599
3	20211265
3	20218333
3	20210032
3	20212484
3	20217788
3	20216372
3	20211212
3	20210996
3	20210087
3	20219074
3	20228242
3	20219207
3	20190815
3	20209468
3	20199630
3	20203446
3	20211724
3	20211344
3	20223404
3	20212141
3	20219822
3	20218338
3	20218949
3	20225293
3	20210084
3	20224136
3	20211581
3	20224554
3	20224872
3	20200295
3	20212823
3	20198663
3	20219426
3	20219246
3	20226735
3	20217478
3	20210165
3	20211282
3	20209295
3	20223593
3	20210142
3	20211623
3	20208005
3	20218392
3	20210039
3	20210485
3	20223924
3	20225897
3	20210331
3	20219099
3	20223785
3	20210289
3	20215683
3	20210948
3	20218391
3	20223982
3	20218771
3	20219320
3	20225433
3	20223402
3	20216120
3	20219185
3	20219524
3	20223737
3	20210600
3	20218235
3	20225961
3	20209538
3	20210028
3	20216492
3	20210819
3	20217479
3	20211733
3	20210756
3	20210383
3	20224609
3	20211115
3	20204132
3	20202792
3	20212076
3	20226860
3	20218758
3	20217155
3	20216894
3	20201815
3	20202584
3	20223848
3	20211030
3	20227182
3	20212065
3	20212263
3	20214867
3	20219331
3	20211741
3	20226805
3	20210542
3	20226415
3	20211521
3	20210869
3	20211952
3	20210818
3	20214783
3	20200703
3	20210683
3	20225695
3	20211901
3	20211160
3	20224143
3	20206547
3	20208457
3	20217507
3	20210243
3	20224678
3	20217930
3	20217999
3	20217427
3	20209298
3	20217121
3	20225352
3	20210578
3	20224890
3	20212104
3	20224197
3	20224675
3	20218462
3	20216768
3	20217326
3	20200523
3	20218345
3	20223266
3	20212554
3	20219333
3	20224705
3	20211059
3	20217551
3	20217489
3	20190323
3	20226894
3	20210663
3	20212672
3	20218006
3	20218985
3	20212856
3	20224066
3	20211412
3	20223999
3	20217739
3	20211987
3	20227474
3	20218986
3	20208616
3	20218647
3	20219529
3	20217174
3	20217946
3	20219595
3	20226121
3	20219630
3	20211325
3	20216904
3	20225047
3	20224864
3	20210686
3	20225977
3	20223087
3	20223361
3	20225634
3	20218189
3	20223407
3	20217278
3	20211156
3	20227471
3	20227391
3	20191243
3	20192194
3	20223423
3	20219892
3	20202540
3	20218432
3	20210845
3	20216582
3	20217344
3	20202130
3	20223828
3	20218348
3	20210541
3	20219381
3	20205041
3	20224678
3	20224098
3	20211405
3	20217005
3	20223793
3	20203908
3	20209949
3	20218478
3	20224006
3	20217167
3	20224134
3	20210956
3	20225633
3	20217190
3	20215810
3	20214763
3	20224181
3	20223409
3	20224096
3	20212176
3	20211476
3	20210963
3	20212983
3	20216646
3	20219527
3	20218767
3	20223795
3	20218390
3	20212214
3	20211559
3	20211158
3	20211735
3	20212145
3	20218052
3	20211760
3	20210793
3	20218607
3	20223786
3	20218960
3	20216756
3	20223350
3	20223925
3	20223942
3	20219076
3	20218326
3	20207584
3	20211373
3	20214725
3	20218115
3	20224132
3	20183772
3	20216432
3	20218653
3	20211902
3	20218789
3	20193068
3	20224399
3	20193068
3	20219351
3	20223349
3	20224578
3	20210610
3	20224097
3	20225256
3	20224151
3	20218580
3	20212265
3	20218347
3	20224184
3	20226352
3	20212143
3	20218600
3	20211473
3	20223923
3	20218858
3	20224677
3	20212902
3	20225526
3	20210875
3	20211878
3	20218879
3	20219349
3	20225422
3	20227373
3	20224911
3	20226437
3	20219096
3	20219245
3	20211223
3	20211026
3	20211267
3	20202120
3	20225527
3	20224913
3	20224374
3	20219627
3	20219624
3	20225556
3	20223952
3	20225556
3	20218244
3	20215166
3	20218193
3	20217488
3	20223726
3	20224473
3	20211159
3	20212910
3	20210288
3	20217994
3	20212787
3	20211288
3	20219344
3	20218454
3	20212117
3	20211503
3	20219231
3	20225405
3	20224148
3	20225436
3	20211428
3	20211502
3	20223108
3	20224547
3	20218217
3	20206586
3	20227801
3	20219845
3	20227913
3	20212726
3	20219376
3	20212724
3	20211157
3	20198053
3	20218755
3	20204117
3	20210790
3	20211742
3	20218567
3	20218587
3	20211281
3	20224116
3	20212785
3	20217199
3	20227736
3	20211151
3	20226685
3	20186649
3	20225681
3	20224891
3	20217805
3	20219077
3	20224133
3	20219466
3	20213016
3	20226607
3	20196862
3	20205986
3	20224556
3	20218780
3	20190683
3	20218500
3	20210135
3	20210614
3	20217646
3	20205155
3	20211220
3	20228029
3	20224594
3	20211465
3	20227141
3	20218834
3	20218420
3	20210662
3	20217330
3	20211405
3	20211055
3	20218579
3	20218775
3	20209182
3	20207568
3	20226353
3	20218463
3	20210704
3	20218258
3	20210490
3	20223386
3	20216477
3	20203286
3	20211725
3	20225208
3	20224632
3	20226180
3	20224029
3	20225116
3	20219848
3	20210930
3	20210462
3	20224248
3	20217151
3	20219834
3	20224337
3	20223972
3	20210924
3	20216921
3	20210962
3	20211238
3	20224714
3	20201799
3	20219400
3	20219111
3	20208051
3	20202129
3	20205381
3	20212909
3	20218707
3	20190582
3	2022A901
3	20228039
3	20210161
3	20210161
3	20225287
3	20217491
3	20216125
3	20218209
3	20219589
3	20218871
3	20225288
3	20200475
3	20217727
3	20200473
3	20218568
3	20214981
3	20203675
3	20204148
3	2022A593
3	20218057
3	20204523
3	20209685
3	20212480
3	20224608
3	20218784
3	20218234
3	20205321
3	20200844
3	20200471
3	20223601
3	20211688
3	20203165
3	20219547
3	20217542
3	20223376
3	20225337
3	20182590
3	20217508
3	20201002
3	20207342
3	20216701
3	20216848
3	20218806
3	20210677
3	20203303
3	20205284
3	20204586
3	20204256
3	20216301
3	20212116
3	20211464
3	20200407
3	20218965
3	20210457
3	20219741
3	20218352
3	20202665
3	2022A578
3	20211948
3	20209246
3	20223581
3	20205258
3	20197853
3	20201875
3	20217154
3	20227111
3	20225162
3	20202433
3	20201402
3	20209533
3	20204113
3	20211989
3	20204432
3	20211932
3	20217504
3	20204008
3	20225285
3	20195361
3	20227504
3	20211309
3	20210679
3	20204681
3	20199842
3	20211199
3	20209962
3	20217304
3	20215821
3	20206683
3	20207447
3	20207256
3	20200200
3	20218799
3	20218344
3	20215126
3	20200621
3	20216204
3	20206994
3	20205201
3	20218022
3	20209841
3	20212835
3	2022A823
3	20215003
3	20211368
3	20212215
3	20201284
3	20207923
3	20226255
3	20208501
3	20216494
3	20206827
3	20216368
3	20202002
3	20206928
3	20227315
3	20200731
3	20223408
3	20218760
3	20218045
3	20216049
3	20223830
3	20224434
3	20217900
3	20207383
3	20210182
3	20181685
3	20209131
3	20204628
3	20218119
3	20209704
3	20218104
3	20200237
3	20178401
3	20200372
3	20200454
3	20210140
3	20193526
3	20204267
3	20202607
3	20218756
3	20210304
3	20208544
3	20209013
3	20204319
3	20228245
3	20223685
3	20224217
3	20193666
3	20208811
3	20209532
3	20206540
3	20219113
?4	20212855
4	20224662
4	20204548
4	20178501
4	20218256
4	20226160
4	20207124
4	20193082
4	20223839
4	20227929
4	20205443
4	20219330
4	20200263
4	20218815
4	20210600
4	20215046
4	20217742
4	20191951
4	20218349
4	20216362
4	20219115
4	20223743
4	20194403
4	20210864
4	20192986
4	20210865
4	20216685
4	20207443
4	20204038
4	20175405
4	20191048
4	20205826
4	20212429
4	20224005
4	20218771
4	20219320
4	20219309
4	20228535
4	20223783
4	20210363
4	20205471
4	20208674
4	20204319
4	20209543
4	20226893
4	20218771
4	20219320
4	20216645
4	20206360
4	20218587
4	20227205
4	20223729
4	20224005